NODES
0.5 0.7 1
1.5 0.7 2
2.3 0.4 3
3.5 1.0 4
3.50 1.5 5
3.50 2.7 6
3.5 3.4 7
3.5 4.5 8
3.5 5.50 9
3.5 6.50 10
3.5 7.50 11
2.50 7.50 12
1.50 7.50 13
0.50 7.50 14
0.50 6.50 15
0.50 5.50 16
0.50 4.5 17
0.50 3.50 18
0.50 2.5 19
0.50 1.50 20
4.7 0.4 21
5.50 0.5 22
6.50 0.5 23
7.5 0.50 24
7.50 1.50 25
7.5 2.5 26
6.50 2.5 27
5.50 2.5 28
4.7 2.35 29
2.33 2.3 30
1.50 2.5 31
2.50 4.5 32
1.50 4.5 33

EDGES
1 2 20
2 1 3
3 2 4
4 3 5 21
5 4 6
6 5 7 30 29
7 6 8
8 7 9 32
9 8 10
10 9 11
11 10 12
12 11 13
13 12 14
14 13 15
15 14 16
16 15 17
17 16 18 33
18 17 19
19 18 20 31
20 19 1
21 22 4
22 21 23
23 22 24
24 23 25
25 24 26
26 25 27
27 26 28
28 27 29
29 28 6
30 6 31
31 30 19
32 8 33
33 32 17

PARKING_SPOTS
4.75 5.25
4.75 5.75
4.75 6.25
4.75 6.75
